12
12.000000 0.800000 0.640000 0.512000 0.000000 0.000000 0.000000 0.000000 0.000000 0.000000 0.000000 0.000000 
0.800000 12.000000 0.800000 0.640000 0.512000 0.000000 0.000000 0.000000 0.000000 0.000000 0.000000 0.000000 
0.640000 0.800000 12.000000 0.800000 0.640000 0.512000 0.000000 0.000000 0.000000 0.000000 0.000000 0.000000 
0.512000 0.640000 0.800000 12.000000 0.800000 0.640000 0.512000 0.000000 0.000000 0.000000 0.000000 0.000000 
0.000000 0.512000 0.640000 0.800000 12.000000 0.800000 0.640000 0.512000 0.000000 0.000000 0.000000 0.000000 
0.000000 0.000000 0.512000 0.640000 0.800000 12.000000 0.800000 0.640000 0.512000 0.000000 0.000000 0.000000 
0.000000 0.000000 0.000000 0.512000 0.640000 0.800000 12.000000 0.800000 0.640000 0.512000 0.000000 0.000000 
0.000000 0.000000 0.000000 0.000000 0.512000 0.640000 0.800000 12.000000 0.800000 0.640000 0.512000 0.000000 
0.000000 0.000000 0.000000 0.000000 0.000000 0.512000 0.640000 0.800000 12.000000 0.800000 0.640000 0.512000 
0.000000 0.000000 0.000000 0.000000 0.000000 0.000000 0.512000 0.640000 0.800000 12.000000 0.800000 0.640000 
0.000000 0.000000 0.000000 0.000000 0.000000 0.000000 0.000000 0.512000 0.640000 0.800000 12.000000 0.800000 
0.000000 0.000000 0.000000 0.000000 0.000000 0.000000 0.000000 0.000000 0.512000 0.640000 0.800000 12.000000 
